(kicad_pcb (version 20171130) (host pcbnew "(5.1.12)-1")

  (general
    (thickness 1.6)
    (drawings 30)
    (tracks 486)
    (zones 0)
    (modules 63)
    (nets 78)
  )

  (page A4)
  (title_block
    (title "PSD analog front end for QSIT payload")
    (date 2021-11-26)
    (rev 1)
    (company "FHNW ISE")
    (comment 1 "Université de Geneve")
    (comment 2 "Simon Burkhardt")
  )

  (layers
    (0 F.Cu signal)
    (1 In1.GND power)
    (2 In2.Vcc mixed)
    (31 B.Cu signal)
    (32 B.Adhes user hide)
    (33 F.Adhes user hide)
    (34 B.Paste user hide)
    (35 F.Paste user hide)
    (36 B.SilkS user)
    (37 F.SilkS user)
    (38 B.Mask user hide)
    (39 F.Mask user hide)
    (40 Dwgs.User user)
    (41 Cmts.User user hide)
    (42 Eco1.User user hide)
    (43 Eco2.User user hide)
    (44 Edge.Cuts user)
    (45 Margin user hide)
    (46 B.CrtYd user hide)
    (47 F.CrtYd user)
    (48 B.Fab user hide)
    (49 F.Fab user hide)
  )

  (setup
    (last_trace_width 0.25)
    (trace_clearance 0.12)
    (zone_clearance 0.508)
    (zone_45_only no)
    (trace_min 0.2)
    (via_size 0.8)
    (via_drill 0.4)
    (via_min_size 0.4)
    (via_min_drill 0.3)
    (uvia_size 0.3)
    (uvia_drill 0.1)
    (uvias_allowed no)
    (uvia_min_size 0.2)
    (uvia_min_drill 0.1)
    (edge_width 0.05)
    (segment_width 0.2)
    (pcb_text_width 0.3)
    (pcb_text_size 1.5 1.5)
    (mod_edge_width 0.12)
    (mod_text_size 1 1)
    (mod_text_width 0.15)
    (pad_size 2.5 2.5)
    (pad_drill 2.5)
    (pad_to_mask_clearance 0.05)
    (aux_axis_origin 0 0)
    (grid_origin 92 131)
    (visible_elements 7FFFFFFF)
    (pcbplotparams
      (layerselection 0x010fc_ffffffff)
      (usegerberextensions false)
      (usegerberattributes true)
      (usegerberadvancedattributes true)
      (creategerberjobfile true)
      (excludeedgelayer true)
      (linewidth 0.100000)
      (plotframeref false)
      (viasonmask false)
      (mode 1)
      (useauxorigin false)
      (hpglpennumber 1)
      (hpglpenspeed 20)
      (hpglpendiameter 15.000000)
      (psnegative false)
      (psa4output false)
      (plotreference true)
      (plotvalue true)
      (plotinvisibletext false)
      (padsonsilk false)
      (subtractmaskfromsilk false)
      (outputformat 1)
      (mirror false)
      (drillshape 1)
      (scaleselection 1)
      (outputdirectory ""))
  )

  (net 0 "")
  (net 1 "Net-(R8-Pad2)")
  (net 2 GND)
  (net 3 +5V)
  (net 4 -5V)
  (net 5 "Net-(H1-Pad1)")
  (net 6 "Net-(H2-Pad1)")
  (net 7 "Net-(H3-Pad1)")
  (net 8 "Net-(H4-Pad1)")
  (net 9 +3V3)
  (net 10 "Net-(C3-Pad2)")
  (net 11 "Net-(C4-Pad2)")
  (net 12 "Net-(C5-Pad2)")
  (net 13 "Net-(C6-Pad2)")
  (net 14 +2V5)
  (net 15 "Net-(R4-Pad2)")
  (net 16 "Net-(R5-Pad2)")
  (net 17 "Net-(R6-Pad2)")
  (net 18 "Net-(R9-Pad2)")
  (net 19 ~RST)
  (net 20 "Net-(C11-Pad2)")
  (net 21 "Net-(D1-Pad2)")
  (net 22 "Net-(D2-Pad2)")
  (net 23 "Net-(J4-Pad2)")
  (net 24 "Net-(J4-Pad4)")
  (net 25 "Net-(J4-Pad6)")
  (net 26 "Net-(J4-Pad7)")
  (net 27 "Net-(J4-Pad8)")
  (net 28 "Net-(J4-Pad10)")
  (net 29 USART2_TX)
  (net 30 USART2_RX)
  (net 31 "Net-(J6-Pad1)")
  (net 32 "Net-(J6-Pad2)")
  (net 33 MEMS_OUT_EN)
  (net 34 SPI2_MOSI)
  (net 35 SPI2_CS)
  (net 36 SPI2_SCK)
  (net 37 FCLK_X)
  (net 38 FCLK_Y)
  (net 39 MCLK)
  (net 40 SPI1_~IRQ~)
  (net 41 SPI1_MISO)
  (net 42 SPI1_MOSI)
  (net 43 SPI1_SCK)
  (net 44 SPI1_CS)
  (net 45 SWDIO)
  (net 46 SWCLK)
  (net 47 LED1)
  (net 48 LED2)
  (net 49 "Net-(U3-Pad2)")
  (net 50 "Net-(U3-Pad3)")
  (net 51 "Net-(U3-Pad4)")
  (net 52 "Net-(U3-Pad10)")
  (net 53 "Net-(U3-Pad11)")
  (net 54 "Net-(U3-Pad21)")
  (net 55 "Net-(U3-Pad22)")
  (net 56 "Net-(U3-Pad25)")
  (net 57 "Net-(U3-Pad30)")
  (net 58 "Net-(U3-Pad32)")
  (net 59 "Net-(U3-Pad35)")
  (net 60 "Net-(U3-Pad36)")
  (net 61 "Net-(U3-Pad38)")
  (net 62 "Net-(U3-Pad39)")
  (net 63 "Net-(U3-Pad40)")
  (net 64 "Net-(U3-Pad41)")
  (net 65 "Net-(U3-Pad45)")
  (net 66 TIM17_CH1)
  (net 67 VAA)
  (net 68 ADC_CH1)
  (net 69 ADC_CH2)
  (net 70 ADC_CH3)
  (net 71 ADC_CH4)
  (net 72 +12V)
  (net 73 "Net-(C19-Pad1)")
  (net 74 "Net-(C20-Pad1)")
  (net 75 BOOT0)
  (net 76 "Net-(U3-Pad20)")
  (net 77 "Net-(X1-Pad1)")

  (net_class Default "This is the default net class."
    (clearance 0.12)
    (trace_width 0.25)
    (via_dia 0.8)
    (via_drill 0.4)
    (uvia_dia 0.3)
    (uvia_drill 0.1)
    (add_net +12V)
    (add_net +2V5)
    (add_net +3V3)
    (add_net +5V)
    (add_net -5V)
    (add_net ADC_CH1)
    (add_net ADC_CH2)
    (add_net ADC_CH3)
    (add_net ADC_CH4)
    (add_net BOOT0)
    (add_net FCLK_X)
    (add_net FCLK_Y)
    (add_net GND)
    (add_net LED1)
    (add_net LED2)
    (add_net MCLK)
    (add_net MEMS_OUT_EN)
    (add_net "Net-(C11-Pad2)")
    (add_net "Net-(C19-Pad1)")
    (add_net "Net-(C20-Pad1)")
    (add_net "Net-(C3-Pad2)")
    (add_net "Net-(C4-Pad2)")
    (add_net "Net-(C5-Pad2)")
    (add_net "Net-(C6-Pad2)")
    (add_net "Net-(D1-Pad2)")
    (add_net "Net-(D2-Pad2)")
    (add_net "Net-(H1-Pad1)")
    (add_net "Net-(H2-Pad1)")
    (add_net "Net-(H3-Pad1)")
    (add_net "Net-(H4-Pad1)")
    (add_net "Net-(J4-Pad10)")
    (add_net "Net-(J4-Pad2)")
    (add_net "Net-(J4-Pad4)")
    (add_net "Net-(J4-Pad6)")
    (add_net "Net-(J4-Pad7)")
    (add_net "Net-(J4-Pad8)")
    (add_net "Net-(J6-Pad1)")
    (add_net "Net-(J6-Pad2)")
    (add_net "Net-(R4-Pad2)")
    (add_net "Net-(R5-Pad2)")
    (add_net "Net-(R6-Pad2)")
    (add_net "Net-(R8-Pad2)")
    (add_net "Net-(R9-Pad2)")
    (add_net "Net-(U3-Pad10)")
    (add_net "Net-(U3-Pad11)")
    (add_net "Net-(U3-Pad2)")
    (add_net "Net-(U3-Pad20)")
    (add_net "Net-(U3-Pad21)")
    (add_net "Net-(U3-Pad22)")
    (add_net "Net-(U3-Pad25)")
    (add_net "Net-(U3-Pad3)")
    (add_net "Net-(U3-Pad30)")
    (add_net "Net-(U3-Pad32)")
    (add_net "Net-(U3-Pad35)")
    (add_net "Net-(U3-Pad36)")
    (add_net "Net-(U3-Pad38)")
    (add_net "Net-(U3-Pad39)")
    (add_net "Net-(U3-Pad4)")
    (add_net "Net-(U3-Pad40)")
    (add_net "Net-(U3-Pad41)")
    (add_net "Net-(U3-Pad45)")
    (add_net "Net-(X1-Pad1)")
    (add_net SPI1_CS)
    (add_net SPI1_MISO)
    (add_net SPI1_MOSI)
    (add_net SPI1_SCK)
    (add_net SPI1_~IRQ~)
    (add_net SPI2_CS)
    (add_net SPI2_MOSI)
    (add_net SPI2_SCK)
    (add_net SWCLK)
    (add_net SWDIO)
    (add_net TIM17_CH1)
    (add_net USART2_RX)
    (add_net USART2_TX)
    (add_net VAA)
    (add_net ~RST)
  )

  (net_class power ""
    (clearance 0.2)
    (trace_width 0.5)
    (via_dia 1)
    (via_drill 0.6)
    (uvia_dia 0.3)
    (uvia_drill 0.1)
  )

  (module Connector_PinHeader_2.54mm:PinHeader_1x03_P2.54mm_Vertical (layer F.Cu) (tedit 59FED5CC) (tstamp 61A9F03F)
    (at 119.7 128.2 90)
    (descr "Through hole straight pin header, 1x03, 2.54mm pitch, single row")
    (tags "Through hole pin header THT 1x03 2.54mm single row")
    (path /61D7BADD)
    (fp_text reference J5 (at 0 -2.33 90) (layer F.SilkS) hide
      (effects (font (size 1 1) (thickness 0.15)))
    )
    (fp_text value Conn_01x03 (at 0 7.41 90) (layer F.Fab)
      (effects (font (size 1 1) (thickness 0.15)))
    )
    (fp_line (start -0.635 -1.27) (end 1.27 -1.27) (layer F.Fab) (width 0.1))
    (fp_line (start 1.27 -1.27) (end 1.27 6.35) (layer F.Fab) (width 0.1))
    (fp_line (start 1.27 6.35) (end -1.27 6.35) (layer F.Fab) (width 0.1))
    (fp_line (start -1.27 6.35) (end -1.27 -0.635) (layer F.Fab) (width 0.1))
    (fp_line (start -1.27 -0.635) (end -0.635 -1.27) (layer F.Fab) (width 0.1))
    (fp_line (start -1.33 6.41) (end 1.33 6.41) (layer F.SilkS) (width 0.12))
    (fp_line (start -1.33 1.27) (end -1.33 6.41) (layer F.SilkS) (width 0.12))
    (fp_line (start 1.33 1.27) (end 1.33 6.41) (layer F.SilkS) (width 0.12))
    (fp_line (start -1.33 1.27) (end 1.33 1.27) (layer F.SilkS) (width 0.12))
    (fp_line (start -1.33 0) (end -1.33 -1.33) (layer F.SilkS) (width 0.12))
    (fp_line (start -1.33 -1.33) (end 0 -1.33) (layer F.SilkS) (width 0.12))
    (fp_line (start -1.8 -1.8) (end -1.8 6.85) (layer F.CrtYd) (width 0.05))
    (fp_line (start -1.8 6.85) (end 1.8 6.85) (layer F.CrtYd) (width 0.05))
    (fp_line (start 1.8 6.85) (end 1.8 -1.8) (layer F.CrtYd) (width 0.05))
    (fp_line (start 1.8 -1.8) (end -1.8 -1.8) (layer F.CrtYd) (width 0.05))
    (fp_text user %R (at 0 2.54) (layer F.Fab)
      (effects (font (size 1 1) (thickness 0.15)))
    )
    (pad 1 thru_hole rect (at 0 0 90) (size 1.7 1.7) (drill 1) (layers *.Cu *.Mask)
      (net 2 GND))
    (pad 2 thru_hole oval (at 0 2.54 90) (size 1.7 1.7) (drill 1) (layers *.Cu *.Mask)
      (net 30 USART2_RX))
    (pad 3 thru_hole oval (at 0 5.08 90) (size 1.7 1.7) (drill 1) (layers *.Cu *.Mask)
      (net 29 USART2_TX))
    (model ${KISYS3DMOD}/Connector_PinHeader_2.54mm.3dshapes/PinHeader_1x03_P2.54mm_Vertical.wrl
      (at (xyz 0 0 0))
      (scale (xyz 1 1 1))
      (rotate (xyz 0 0 0))
    )
  )

  (module Mounting_Holes:MountingHole_2.5mm locked (layer F.Cu) (tedit 56D1B4CB) (tstamp 619EAB25)
    (at 107.5 97.5)
    (descr "Mounting Hole 2.5mm, no annular")
    (tags "mounting hole 2.5mm no annular")
    (path /61B23929)
    (attr virtual)
    (fp_text reference H1 (at 0 -3.5) (layer F.SilkS) hide
      (effects (font (size 1 1) (thickness 0.15)))
    )
    (fp_text value MountingHole_Pad (at -9.9 -4.3) (layer F.Fab) hide
      (effects (font (size 1 1) (thickness 0.15)))
    )
    (fp_circle (center 0 0) (end 2.5 0) (layer Cmts.User) (width 0.15))
    (fp_circle (center 0 0) (end 2.75 0) (layer F.CrtYd) (width 0.05))
    (fp_text user %R (at -1.1 -1.1) (layer F.Fab)
      (effects (font (size 1 1) (thickness 0.15)))
    )
    (pad 1 np_thru_hole circle (at 0 0) (size 2.5 2.5) (drill 2.5) (layers *.Cu *.Mask)
      (net 5 "Net-(H1-Pad1)"))
  )

  (module Mounting_Holes:MountingHole_2.5mm locked (layer F.Cu) (tedit 56D1B4CB) (tstamp 61A173D3)
    (at 107.5 128.5)
    (descr "Mounting Hole 2.5mm, no annular")
    (tags "mounting hole 2.5mm no annular")
    (path /61B26287)
    (attr virtual)
    (fp_text reference H2 (at 0 -3.5) (layer F.SilkS) hide
      (effects (font (size 1 1) (thickness 0.15)))
    )
    (fp_text value MountingHole_Pad (at 0 3.5) (layer F.Fab) hide
      (effects (font (size 1 1) (thickness 0.15)))
    )
    (fp_circle (center 0 0) (end 2.75 0) (layer F.CrtYd) (width 0.05))
    (fp_circle (center 0 0) (end 2.5 0) (layer Cmts.User) (width 0.15))
    (fp_text user %R (at -1 1.2) (layer F.Fab)
      (effects (font (size 1 1) (thickness 0.15)))
    )
    (pad 1 np_thru_hole circle (at 0 0) (size 2.5 2.5) (drill 2.5) (layers *.Cu *.Mask)
      (net 6 "Net-(H2-Pad1)"))
  )

  (module Mounting_Holes:MountingHole_2.5mm locked (layer F.Cu) (tedit 56D1B4CB) (tstamp 619EAB2D)
    (at 145.5 97.5)
    (descr "Mounting Hole 2.5mm, no annular")
    (tags "mounting hole 2.5mm no annular")
    (path /61B266DE)
    (attr virtual)
    (fp_text reference H3 (at 0 -3.5) (layer F.SilkS) hide
      (effects (font (size 1 1) (thickness 0.15)))
    )
    (fp_text value MountingHole_Pad (at 5.9 -3.6) (layer F.Fab) hide
      (effects (font (size 1 1) (thickness 0.15)))
    )
    (fp_circle (center 0 0) (end 2.5 0) (layer Cmts.User) (width 0.15))
    (fp_circle (center 0 0) (end 2.75 0) (layer F.CrtYd) (width 0.05))
    (fp_text user %R (at 1.3 -1) (layer F.Fab)
      (effects (font (size 1 1) (thickness 0.15)))
    )
    (pad 1 np_thru_hole circle (at 0 0) (size 2.5 2.5) (drill 2.5) (layers *.Cu *.Mask)
      (net 7 "Net-(H3-Pad1)"))
  )

  (module Mounting_Holes:MountingHole_2.5mm locked (layer F.Cu) (tedit 56D1B4CB) (tstamp 619EAB34)
    (at 145.5 128.5)
    (descr "Mounting Hole 2.5mm, no annular")
    (tags "mounting hole 2.5mm no annular")
    (path /61B26588)
    (attr virtual)
    (fp_text reference H4 (at 0 -3.5) (layer F.SilkS) hide
      (effects (font (size 1 1) (thickness 0.15)))
    )
    (fp_text value MountingHole_Pad (at 0 3.5) (layer F.Fab) hide
      (effects (font (size 1 1) (thickness 0.15)))
    )
    (fp_circle (center 0 0) (end 2.75 0) (layer F.CrtYd) (width 0.05))
    (fp_circle (center 0 0) (end 2.5 0) (layer Cmts.User) (width 0.15))
    (fp_text user %R (at 1.3 1.3) (layer F.Fab)
      (effects (font (size 1 1) (thickness 0.15)))
    )
    (pad 1 np_thru_hole circle (at 0 0) (size 2.5 2.5) (drill 2.5) (layers *.Cu *.Mask)
      (net 8 "Net-(H4-Pad1)"))
  )

  (module A_Tale_Of_A_Library:Logo_FHNW_03x05mm (layer F.Cu) (tedit 5BD986F9) (tstamp 619E481F)
    (at 114 128.5)
    (path /61A0C647)
    (fp_text reference H5 (at 10 -4.3) (layer F.SilkS) hide
      (effects (font (size 1.524 1.524) (thickness 0.3)))
    )
    (fp_text value LogoFHNW (at 15 -7.3) (layer F.SilkS) hide
      (effects (font (size 1.524 1.524) (thickness 0.3)))
    )
    (fp_poly (pts (xy -0.315576 1.462424) (xy -0.419485 1.462424) (xy -0.419485 -1.458576) (xy -0.315576 -1.458576)
      (xy -0.315576 1.462424)) (layer F.SilkS) (width 0.01))
    (fp_poly (pts (xy 2.258538 -0.759874) (xy 2.295884 -0.75192) (xy 2.330316 -0.73705) (xy 2.361458 -0.715499)
      (xy 2.388936 -0.687504) (xy 2.412375 -0.653298) (xy 2.423261 -0.632243) (xy 2.438061 -0.595267)
      (xy 2.44926 -0.555162) (xy 2.457031 -0.510928) (xy 2.461553 -0.461563) (xy 2.462999 -0.406116)
      (xy 2.461173 -0.343855) (xy 2.455585 -0.282166) (xy 2.445971 -0.219106) (xy 2.432068 -0.152728)
      (xy 2.424516 -0.121938) (xy 2.398645 -0.031504) (xy 2.367953 0.05644) (xy 2.332756 0.141433)
      (xy 2.293369 0.223018) (xy 2.250107 0.300735) (xy 2.203284 0.374127) (xy 2.153216 0.442735)
      (xy 2.100218 0.5061) (xy 2.044605 0.563763) (xy 1.986691 0.615267) (xy 1.926793 0.660153)
      (xy 1.865224 0.697962) (xy 1.858818 0.701426) (xy 1.805088 0.726879) (xy 1.750094 0.746783)
      (xy 1.694572 0.761123) (xy 1.63926 0.769887) (xy 1.584893 0.773061) (xy 1.53221 0.770632)
      (xy 1.481946 0.762587) (xy 1.434837 0.748912) (xy 1.391622 0.729594) (xy 1.36085 0.710428)
      (xy 1.327299 0.682413) (xy 1.296147 0.648664) (xy 1.268918 0.611098) (xy 1.247135 0.571628)
      (xy 1.243057 0.562483) (xy 1.224236 0.509931) (xy 1.210257 0.452881) (xy 1.201329 0.392983)
      (xy 1.197663 0.331888) (xy 1.199468 0.271244) (xy 1.20238 0.242454) (xy 1.205369 0.221391)
      (xy 1.209589 0.195276) (xy 1.214719 0.165804) (xy 1.220435 0.134676) (xy 1.226415 0.103587)
      (xy 1.232337 0.074236) (xy 1.237877 0.04832) (xy 1.242715 0.027537) (xy 1.244605 0.020204)
      (xy 1.247684 0.007202) (xy 1.248139 0.001063) (xy 1.246191 0.001499) (xy 1.24206 0.00822)
      (xy 1.235966 0.020937) (xy 1.228129 0.039362) (xy 1.226006 0.044619) (xy 1.18376 0.14432)
      (xy 1.139799 0.236547) (xy 1.09409 0.321336) (xy 1.046604 0.398723) (xy 0.99731 0.468745)
      (xy 0.946176 0.531437) (xy 0.893173 0.586837) (xy 0.838268 0.634979) (xy 0.781432 0.675901)
      (xy 0.722633 0.709639) (xy 0.661841 0.736228) (xy 0.626845 0.74803) (xy 0.593139 0.756901)
      (xy 0.557007 0.764084) (xy 0.520244 0.769385) (xy 0.484647 0.772611) (xy 0.45201 0.773567)
      (xy 0.424131 0.772058) (xy 0.415637 0.77088) (xy 0.370237 0.759724) (xy 0.327362 0.742212)
      (xy 0.288301 0.718967) (xy 0.259729 0.69579) (xy 0.227653 0.661524) (xy 0.20238 0.624752)
      (xy 0.183676 0.584904) (xy 0.171308 0.541407) (xy 0.165042 0.493689) (xy 0.164118 0.461818)
      (xy 0.16427 0.447812) (xy 0.164635 0.434313) (xy 0.165314 0.420931) (xy 0.166408 0.407277)
      (xy 0.168018 0.392958) (xy 0.170245 0.377586) (xy 0.17319 0.360769) (xy 0.176954 0.342118)
      (xy 0.181638 0.321241) (xy 0.187343 0.297749) (xy 0.194169 0.271251) (xy 0.202219 0.241358)
      (xy 0.211592 0.207677) (xy 0.22239 0.16982) (xy 0.234714 0.127395) (xy 0.248664 0.080013)
      (xy 0.264342 0.027282) (xy 0.281849 -0.031187) (xy 0.301285 -0.095784) (xy 0.322752 -0.166901)
      (xy 0.346351 -0.244927) (xy 0.350261 -0.257849) (xy 0.359315 -0.288283) (xy 0.36884 -0.321216)
      (xy 0.378186 -0.354332) (xy 0.386701 -0.385316) (xy 0.393734 -0.411852) (xy 0.395195 -0.417561)
      (xy 0.401723 -0.443854) (xy 0.406447 -0.464551) (xy 0.409657 -0.481461) (xy 0.411645 -0.496394)
      (xy 0.4127 -0.51116) (xy 0.413115 -0.527569) (xy 0.413131 -0.529167) (xy 0.412531 -0.555073)
      (xy 0.410062 -0.574253) (xy 0.405503 -0.587501) (xy 0.398636 -0.595609) (xy 0.394028 -0.598077)
      (xy 0.38488 -0.598558) (xy 0.371277 -0.595686) (xy 0.355315 -0.590148) (xy 0.33909 -0.582631)
      (xy 0.32897 -0.576736) (xy 0.309122 -0.561701) (xy 0.286418 -0.540668) (xy 0.261536 -0.514479)
      (xy 0.235151 -0.483975) (xy 0.207939 -0.449998) (xy 0.180575 -0.41339) (xy 0.153737 -0.374991)
      (xy 0.128098 -0.335644) (xy 0.106088 -0.29922) (xy 0.099663 -0.289123) (xy 0.094354 -0.282484)
      (xy 0.092102 -0.28094) (xy 0.087505 -0.282843) (xy 0.078099 -0.287931) (xy 0.065577 -0.295266)
      (xy 0.059741 -0.298825) (xy 0.03076 -0.31671) (xy 0.04478 -0.34212) (xy 0.075777 -0.396809)
      (xy 0.104937 -0.445023) (xy 0.132852 -0.487592) (xy 0.160118 -0.525345) (xy 0.187327 -0.55911)
      (xy 0.215074 -0.589716) (xy 0.239128 -0.613495) (xy 0.289497 -0.656162) (xy 0.342148 -0.691478)
      (xy 0.397088 -0.719447) (xy 0.454322 -0.740071) (xy 0.513858 -0.753353) (xy 0.575701 -0.759295)
      (xy 0.590743 -0.759628) (xy 0.61387 -0.759644) (xy 0.631343 -0.759108) (xy 0.645196 -0.757811)
      (xy 0.657464 -0.755541) (xy 0.670182 -0.752089) (xy 0.673485 -0.751075) (xy 0.713309 -0.735009)
      (xy 0.747845 -0.713433) (xy 0.776896 -0.686613) (xy 0.800263 -0.654813) (xy 0.817748 -0.618297)
      (xy 0.829154 -0.57733) (xy 0.834078 -0.536488) (xy 0.834079 -0.504009) (xy 0.830711 -0.467587)
      (xy 0.823864 -0.426646) (xy 0.813429 -0.380613) (xy 0.799298 -0.328915) (xy 0.787018 -0.288637)
      (xy 0.782721 -0.274751) (xy 0.776541 -0.25436) (xy 0.76872 -0.228294) (xy 0.759502 -0.197382)
      (xy 0.749132 -0.162455) (xy 0.737851 -0.124342) (xy 0.725906 -0.083872) (xy 0.713538 -0.041876)
      (xy 0.700991 0.000817) (xy 0.68851 0.043377) (xy 0.676338 0.084974) (xy 0.664718 0.124778)
      (xy 0.653894 0.161961) (xy 0.64411 0.195691) (xy 0.63561 0.22514) (xy 0.628637 0.249477)
      (xy 0.623434 0.267873) (xy 0.62089 0.277091) (xy 0.611548 0.313394) (xy 0.603232 0.349154)
      (xy 0.596186 0.383087) (xy 0.590654 0.41391) (xy 0.58688 0.440339) (xy 0.585108 0.461089)
      (xy 0.585003 0.46593) (xy 0.587756 0.499188) (xy 0.595958 0.527911) (xy 0.6094 0.551638)
      (xy 0.627875 0.569908) (xy 0.63367 0.573827) (xy 0.645146 0.579574) (xy 0.65747 0.582163)
      (xy 0.671561 0.582485) (xy 0.703876 0.578032) (xy 0.737211 0.566107) (xy 0.771586 0.546694)
      (xy 0.807016 0.519776) (xy 0.84352 0.485337) (xy 0.881116 0.443358) (xy 0.919822 0.393824)
      (xy 0.959655 0.336717) (xy 1.000633 0.27202) (xy 1.004957 0.264863) (xy 1.021157 0.236973)
      (xy 1.03978 0.203281) (xy 1.060189 0.16505) (xy 1.081751 0.123542) (xy 1.103831 0.080019)
      (xy 1.125794 0.035744) (xy 1.147006 -0.008021) (xy 1.166832 -0.050014) (xy 1.184638 -0.088973)
      (xy 1.197118 -0.117379) (xy 1.21809 -0.167035) (xy 1.239777 -0.219919) (xy 1.261821 -0.275064)
      (xy 1.283865 -0.331507) (xy 1.305551 -0.388281) (xy 1.32652 -0.444423) (xy 1.346416 -0.498967)
      (xy 1.364881 -0.550948) (xy 1.381556 -0.599402) (xy 1.396085 -0.643362) (xy 1.408109 -0.681865)
      (xy 1.414391 -0.703433) (xy 1.421105 -0.727364) (xy 1.813471 -0.727364) (xy 1.810878 -0.716781)
      (xy 1.808587 -0.70787) (xy 1.804481 -0.692366) (xy 1.798786 -0.671098) (xy 1.791728 -0.644895)
      (xy 1.78353 -0.614584) (xy 1.774421 -0.580996) (xy 1.764624 -0.544957) (xy 1.754366 -0.507298)
      (xy 1.743872 -0.468846) (xy 1.733367 -0.430431) (xy 1.723078 -0.392881) (xy 1.71323 -0.357024)
      (xy 1.704049 -0.32369) (xy 1.695759 -0.293707) (xy 1.692751 -0.282864) (xy 1.677162 -0.226233)
      (xy 1.661984 -0.170117) (xy 1.647439 -0.115381) (xy 1.633746 -0.062886) (xy 1.621126 -0.013498)
      (xy 1.609801 0.031922) (xy 1.599991 0.072511) (xy 1.591916 0.107404) (xy 1.58601 0.134697)
      (xy 1.578103 0.174427) (xy 1.571984 0.208634) (xy 1.567447 0.239229) (xy 1.564284 0.268122)
      (xy 1.562289 0.297223) (xy 1.561254 0.328443) (xy 1.560973 0.363692) (xy 1.560975 0.365606)
      (xy 1.561322 0.400492) (xy 1.562416 0.429105) (xy 1.564499 0.452851) (xy 1.567811 0.473139)
      (xy 1.572594 0.491375) (xy 1.579089 0.508965) (xy 1.587536 0.527317) (xy 1.589274 0.530793)
      (xy 1.607359 0.558802) (xy 1.630156 0.58096) (xy 1.657283 0.597189) (xy 1.68836 0.607409)
      (xy 1.723006 0.611542) (xy 1.760841 0.609508) (xy 1.801483 0.601228) (xy 1.844552 0.586624)
      (xy 1.849243 0.584703) (xy 1.887133 0.565666) (xy 1.926322 0.53979) (xy 1.966161 0.507681)
      (xy 2.006006 0.469949) (xy 2.045211 0.427199) (xy 2.083129 0.380042) (xy 2.116028 0.333725)
      (xy 2.158074 0.266539) (xy 2.198175 0.193988) (xy 2.235755 0.117491) (xy 2.270233 0.038469)
      (xy 2.301031 -0.041657) (xy 2.327571 -0.121465) (xy 2.349275 -0.199536) (xy 2.365563 -0.274448)
      (xy 2.367075 -0.282864) (xy 2.36995 -0.302281) (xy 2.372353 -0.324332) (xy 2.374223 -0.347554)
      (xy 2.375497 -0.370482) (xy 2.376112 -0.39165) (xy 2.376007 -0.409594) (xy 2.375117 -0.422849)
      (xy 2.373382 -0.42995) (xy 2.373345 -0.430007) (xy 2.369596 -0.431602) (xy 2.363223 -0.427359)
      (xy 2.35988 -0.42411) (xy 2.340998 -0.40794) (xy 2.317952 -0.392916) (xy 2.294201 -0.381247)
      (xy 2.290495 -0.379812) (xy 2.268903 -0.374332) (xy 2.242928 -0.371568) (xy 2.215387 -0.371513)
      (xy 2.189098 -0.374163) (xy 2.166877 -0.379511) (xy 2.165356 -0.380056) (xy 2.129627 -0.39723)
      (xy 2.098306 -0.420412) (xy 2.072062 -0.448931) (xy 2.051562 -0.48212) (xy 2.042725 -0.502811)
      (xy 2.037266 -0.524424) (xy 2.034385 -0.55035) (xy 2.034118 -0.57766) (xy 2.036505 -0.603427)
      (xy 2.041146 -0.623455) (xy 2.057188 -0.659753) (xy 2.078994 -0.691282) (xy 2.105943 -0.717559)
      (xy 2.137408 -0.738101) (xy 2.172767 -0.752426) (xy 2.211397 -0.760053) (xy 2.218652 -0.760677)
      (xy 2.258538 -0.759874)) (layer F.SilkS) (width 0.01))
    (fp_poly (pts (xy -1.401437 -0.762552) (xy -1.397727 -0.762301) (xy -1.32809 -0.75443) (xy -1.263672 -0.740985)
      (xy -1.204511 -0.721996) (xy -1.150647 -0.697492) (xy -1.102118 -0.667503) (xy -1.058964 -0.632058)
      (xy -1.021224 -0.591187) (xy -0.988935 -0.544919) (xy -0.962138 -0.493284) (xy -0.940871 -0.436311)
      (xy -0.933426 -0.410138) (xy -0.930309 -0.398145) (xy -0.927494 -0.387066) (xy -0.924963 -0.37647)
      (xy -0.922699 -0.365927) (xy -0.920688 -0.355007) (xy -0.918911 -0.343278) (xy -0.917353 -0.33031)
      (xy -0.915997 -0.315672) (xy -0.914827 -0.298934) (xy -0.913826 -0.279666) (xy -0.912977 -0.257436)
      (xy -0.912266 -0.231814) (xy -0.911674 -0.202369) (xy -0.911186 -0.168671) (xy -0.910785 -0.130289)
      (xy -0.910455 -0.086793) (xy -0.910178 -0.037752) (xy -0.90994 0.017265) (xy -0.909723 0.078689)
      (xy -0.909511 0.146949) (xy -0.909288 0.22225) (xy -0.907782 0.731212) (xy -1.485259 0.731212)
      (xy -1.486434 0.304992) (xy -1.486613 0.237211) (xy -1.48677 0.17667) (xy -1.486932 0.122916)
      (xy -1.487121 0.075492) (xy -1.487363 0.033943) (xy -1.487683 -0.002187) (xy -1.488105 -0.033352)
      (xy -1.488653 -0.06001) (xy -1.489352 -0.082614) (xy -1.490226 -0.10162) (xy -1.491301 -0.117485)
      (xy -1.4926 -0.130663) (xy -1.494149 -0.14161) (xy -1.495971 -0.150782) (xy -1.498091 -0.158633)
      (xy -1.500535 -0.16562) (xy -1.503326 -0.172198) (xy -1.506489 -0.178822) (xy -1.510048 -0.185948)
      (xy -1.513251 -0.192425) (xy -1.531692 -0.221866) (xy -1.555594 -0.246286) (xy -1.584327 -0.265371)
      (xy -1.617263 -0.278807) (xy -1.653773 -0.286281) (xy -1.693228 -0.287479) (xy -1.702575 -0.286841)
      (xy -1.742888 -0.280365) (xy -1.778032 -0.268226) (xy -1.808243 -0.250242) (xy -1.83376 -0.226229)
      (xy -1.854817 -0.196006) (xy -1.871652 -0.15939) (xy -1.873253 -0.154973) (xy -1.883833 -0.125076)
      (xy -1.885951 0.731212) (xy -2.46303 0.731212) (xy -2.46303 -0.727364) (xy -1.916545 -0.727364)
      (xy -1.916545 -0.495084) (xy -1.897405 -0.522868) (xy -1.858808 -0.574502) (xy -1.819019 -0.61914)
      (xy -1.778288 -0.656517) (xy -1.754652 -0.674538) (xy -1.705422 -0.704663) (xy -1.651731 -0.728756)
      (xy -1.594032 -0.746702) (xy -1.53278 -0.758392) (xy -1.46843 -0.763712) (xy -1.401437 -0.762552)) (layer F.SilkS) (width 0.01))
  )

  (module Capacitor_SMD:C_0603_1608Metric_Pad1.05x0.95mm_HandSolder (layer F.Cu) (tedit 5B301BBE) (tstamp 61AAF5BB)
    (at 132.7 106.3 180)
    (descr "Capacitor SMD 0603 (1608 Metric), square (rectangular) end terminal, IPC_7351 nominal with elongated pad for handsoldering. (Body size source: http://www.tortai-tech.com/upload/download/2011102023233369053.pdf), generated with kicad-footprint-generator")
    (tags "capacitor handsolder")
    (path /61A23514)
    (attr smd)
    (fp_text reference C1 (at 0 -1.43) (layer F.SilkS) hide
      (effects (font (size 1 1) (thickness 0.15)))
    )
    (fp_text value 100nF (at 0 1.43) (layer F.Fab)
      (effects (font (size 1 1) (thickness 0.15)))
    )
    (fp_line (start 1.65 0.73) (end -1.65 0.73) (layer F.CrtYd) (width 0.05))
    (fp_line (start 1.65 -0.73) (end 1.65 0.73) (layer F.CrtYd) (width 0.05))
    (fp_line (start -1.65 -0.73) (end 1.65 -0.73) (layer F.CrtYd) (width 0.05))
    (fp_line (start -1.65 0.73) (end -1.65 -0.73) (layer F.CrtYd) (width 0.05))
    (fp_line (start -0.171267 0.51) (end 0.171267 0.51) (layer F.SilkS) (width 0.12))
    (fp_line (start -0.171267 -0.51) (end 0.171267 -0.51) (layer F.SilkS) (width 0.12))
    (fp_line (start 0.8 0.4) (end -0.8 0.4) (layer F.Fab) (width 0.1))
    (fp_line (start 0.8 -0.4) (end 0.8 0.4) (layer F.Fab) (width 0.1))
    (fp_line (start -0.8 -0.4) (end 0.8 -0.4) (layer F.Fab) (width 0.1))
    (fp_line (start -0.8 0.4) (end -0.8 -0.4) (layer F.Fab) (width 0.1))
    (fp_text user %R (at 0 0) (layer F.Fab)
      (effects (font (size 0.4 0.4) (thickness 0.06)))
    )
    (pad 2 smd roundrect (at 0.875 0 180) (size 1.05 0.95) (layers F.Cu F.Paste F.Mask) (roundrect_rratio 0.25)
      (net 2 GND))
    (pad 1 smd roundrect (at -0.875 0 180) (size 1.05 0.95) (layers F.Cu F.Paste F.Mask) (roundrect_rratio 0.25)
      (net 67 VAA))
    (model ${KISYS3DMOD}/Capacitor_SMD.3dshapes/C_0603_1608Metric.wrl
      (at (xyz 0 0 0))
      (scale (xyz 1 1 1))
      (rotate (xyz 0 0 0))
    )
  )

  (module Capacitor_SMD:C_0603_1608Metric_Pad1.05x0.95mm_HandSolder (layer F.Cu) (tedit 5B301BBE) (tstamp 61AAF58B)
    (at 128.7 106.3)
    (descr "Capacitor SMD 0603 (1608 Metric), square (rectangular) end terminal, IPC_7351 nominal with elongated pad for handsoldering. (Body size source: http://www.tortai-tech.com/upload/download/2011102023233369053.pdf), generated with kicad-footprint-generator")
    (tags "capacitor handsolder")
    (path /61A26DF5)
    (attr smd)
    (fp_text reference C2 (at 0 -1.43) (layer F.SilkS) hide
      (effects (font (size 1 1) (thickness 0.15)))
    )
    (fp_text value 100nF (at 0 1.43) (layer F.Fab)
      (effects (font (size 1 1) (thickness 0.15)))
    )
    (fp_line (start -0.8 0.4) (end -0.8 -0.4) (layer F.Fab) (width 0.1))
    (fp_line (start -0.8 -0.4) (end 0.8 -0.4) (layer F.Fab) (width 0.1))
    (fp_line (start 0.8 -0.4) (end 0.8 0.4) (layer F.Fab) (width 0.1))
    (fp_line (start 0.8 0.4) (end -0.8 0.4) (layer F.Fab) (width 0.1))
    (fp_line (start -0.171267 -0.51) (end 0.171267 -0.51) (layer F.SilkS) (width 0.12))
    (fp_line (start -0.171267 0.51) (end 0.171267 0.51) (layer F.SilkS) (width 0.12))
    (fp_line (start -1.65 0.73) (end -1.65 -0.73) (layer F.CrtYd) (width 0.05))
    (fp_line (start -1.65 -0.73) (end 1.65 -0.73) (layer F.CrtYd) (width 0.05))
    (fp_line (start 1.65 -0.73) (end 1.65 0.73) (layer F.CrtYd) (width 0.05))
    (fp_line (start 1.65 0.73) (end -1.65 0.73) (layer F.CrtYd) (width 0.05))
    (fp_text user %R (at 0 0) (layer F.Fab)
      (effects (font (size 0.4 0.4) (thickness 0.06)))
    )
    (pad 1 smd roundrect (at -0.875 0) (size 1.05 0.95) (layers F.Cu F.Paste F.Mask) (roundrect_rratio 0.25)
      (net 9 +3V3))
    (pad 2 smd roundrect (at 0.875 0) (size 1.05 0.95) (layers F.Cu F.Paste F.Mask) (roundrect_rratio 0.25)
      (net 2 GND))
    (model ${KISYS3DMOD}/Capacitor_SMD.3dshapes/C_0603_1608Metric.wrl
      (at (xyz 0 0 0))
      (scale (xyz 1 1 1))
      (rotate (xyz 0 0 0))
    )
  )

  (module Capacitor_SMD:C_0603_1608Metric_Pad1.05x0.95mm_HandSolder (layer F.Cu) (tedit 5B301BBE) (tstamp 61AAF5EB)
    (at 138.8 105.6 180)
    (descr "Capacitor SMD 0603 (1608 Metric), square (rectangular) end terminal, IPC_7351 nominal with elongated pad for handsoldering. (Body size source: http://www.tortai-tech.com/upload/download/2011102023233369053.pdf), generated with kicad-footprint-generator")
    (tags "capacitor handsolder")
    (path /61A4B659)
    (attr smd)
    (fp_text reference C3 (at 0 -1.43) (layer F.SilkS) hide
      (effects (font (size 1 1) (thickness 0.15)))
    )
    (fp_text value 100nF (at 0 1.43) (layer F.Fab)
      (effects (font (size 1 1) (thickness 0.15)))
    )
    (fp_line (start -0.8 0.4) (end -0.8 -0.4) (layer F.Fab) (width 0.1))
    (fp_line (start -0.8 -0.4) (end 0.8 -0.4) (layer F.Fab) (width 0.1))
    (fp_line (start 0.8 -0.4) (end 0.8 0.4) (layer F.Fab) (width 0.1))
    (fp_line (start 0.8 0.4) (end -0.8 0.4) (layer F.Fab) (width 0.1))
    (fp_line (start -0.171267 -0.51) (end 0.171267 -0.51) (layer F.SilkS) (width 0.12))
    (fp_line (start -0.171267 0.51) (end 0.171267 0.51) (layer F.SilkS) (width 0.12))
    (fp_line (start -1.65 0.73) (end -1.65 -0.73) (layer F.CrtYd) (width 0.05))
    (fp_line (start -1.65 -0.73) (end 1.65 -0.73) (layer F.CrtYd) (width 0.05))
    (fp_line (start 1.65 -0.73) (end 1.65 0.73) (layer F.CrtYd) (width 0.05))
    (fp_line (start 1.65 0.73) (end -1.65 0.73) (layer F.CrtYd) (width 0.05))
    (fp_text user %R (at 0 0) (layer F.Fab)
      (effects (font (size 0.4 0.4) (thickness 0.06)))
    )
    (pad 1 smd roundrect (at -0.875 0 180) (size 1.05 0.95) (layers F.Cu F.Paste F.Mask) (roundrect_rratio 0.25)
      (net 2 GND))
    (pad 2 smd roundrect (at 0.875 0 180) (size 1.05 0.95) (layers F.Cu F.Paste F.Mask) (roundrect_rratio 0.25)
      (net 10 "Net-(C3-Pad2)"))
    (model ${KISYS3DMOD}/Capacitor_SMD.3dshapes/C_0603_1608Metric.wrl
      (at (xyz 0 0 0))
      (scale (xyz 1 1 1))
      (rotate (xyz 0 0 0))
    )
  )

  (module Capacitor_SMD:C_0603_1608Metric_Pad1.05x0.95mm_HandSolder (layer F.Cu) (tedit 5B301BBE) (tstamp 61AAF55B)
    (at 138.8 102.6 180)
    (descr "Capacitor SMD 0603 (1608 Metric), square (rectangular) end terminal, IPC_7351 nominal with elongated pad for handsoldering. (Body size source: http://www.tortai-tech.com/upload/download/2011102023233369053.pdf), generated with kicad-footprint-generator")
    (tags "capacitor handsolder")
    (path /61A5FEAC)
    (attr smd)
    (fp_text reference C4 (at 0 -1.43) (layer F.SilkS) hide
      (effects (font (size 1 1) (thickness 0.15)))
    )
    (fp_text value 100nF (at 0 1.43) (layer F.Fab)
      (effects (font (size 1 1) (thickness 0.15)))
    )
    (fp_line (start -0.8 0.4) (end -0.8 -0.4) (layer F.Fab) (width 0.1))
    (fp_line (start -0.8 -0.4) (end 0.8 -0.4) (layer F.Fab) (width 0.1))
    (fp_line (start 0.8 -0.4) (end 0.8 0.4) (layer F.Fab) (width 0.1))
    (fp_line (start 0.8 0.4) (end -0.8 0.4) (layer F.Fab) (width 0.1))
    (fp_line (start -0.171267 -0.51) (end 0.171267 -0.51) (layer F.SilkS) (width 0.12))
    (fp_line (start -0.171267 0.51) (end 0.171267 0.51) (layer F.SilkS) (width 0.12))
    (fp_line (start -1.65 0.73) (end -1.65 -0.73) (layer F.CrtYd) (width 0.05))
    (fp_line (start -1.65 -0.73) (end 1.65 -0.73) (layer F.CrtYd) (width 0.05))
    (fp_line (start 1.65 -0.73) (end 1.65 0.73) (layer F.CrtYd) (width 0.05))
    (fp_line (start 1.65 0.73) (end -1.65 0.73) (layer F.CrtYd) (width 0.05))
    (fp_text user %R (at 0 0) (layer F.Fab)
      (effects (font (size 0.4 0.4) (thickness 0.06)))
    )
    (pad 1 smd roundrect (at -0.875 0 180) (size 1.05 0.95) (layers F.Cu F.Paste F.Mask) (roundrect_rratio 0.25)
      (net 2 GND))
    (pad 2 smd roundrect (at 0.875 0 180) (size 1.05 0.95) (layers F.Cu F.Paste F.Mask) (roundrect_rratio 0.25)
      (net 11 "Net-(C4-Pad2)"))
    (model ${KISYS3DMOD}/Capacitor_SMD.3dshapes/C_0603_1608Metric.wrl
      (at (xyz 0 0 0))
      (scale (xyz 1 1 1))
      (rotate (xyz 0 0 0))
    )
  )

  (module Capacitor_SMD:C_0603_1608Metric_Pad1.05x0.95mm_HandSolder (layer F.Cu) (tedit 5B301BBE) (tstamp 61AAF52B)
    (at 138.8 99.6 180)
    (descr "Capacitor SMD 0603 (1608 Metric), square (rectangular) end terminal, IPC_7351 nominal with elongated pad for handsoldering. (Body size source: http://www.tortai-tech.com/upload/download/2011102023233369053.pdf), generated with kicad-footprint-generator")
    (tags "capacitor handsolder")
    (path /61A6102F)
    (attr smd)
    (fp_text reference C5 (at 0 -1.43) (layer F.SilkS) hide
      (effects (font (size 1 1) (thickness 0.15)))
    )
    (fp_text value 100nF (at 0 1.43) (layer F.Fab)
      (effects (font (size 1 1) (thickness 0.15)))
    )
    (fp_line (start -0.8 0.4) (end -0.8 -0.4) (layer F.Fab) (width 0.1))
    (fp_line (start -0.8 -0.4) (end 0.8 -0.4) (layer F.Fab) (width 0.1))
    (fp_line (start 0.8 -0.4) (end 0.8 0.4) (layer F.Fab) (width 0.1))
    (fp_line (start 0.8 0.4) (end -0.8 0.4) (layer F.Fab) (width 0.1))
    (fp_line (start -0.171267 -0.51) (end 0.171267 -0.51) (layer F.SilkS) (width 0.12))
    (fp_line (start -0.171267 0.51) (end 0.171267 0.51) (layer F.SilkS) (width 0.12))
    (fp_line (start -1.65 0.73) (end -1.65 -0.73) (layer F.CrtYd) (width 0.05))
    (fp_line (start -1.65 -0.73) (end 1.65 -0.73) (layer F.CrtYd) (width 0.05))
    (fp_line (start 1.65 -0.73) (end 1.65 0.73) (layer F.CrtYd) (width 0.05))
    (fp_line (start 1.65 0.73) (end -1.65 0.73) (layer F.CrtYd) (width 0.05))
    (fp_text user %R (at 0 0) (layer F.Fab)
      (effects (font (size 0.4 0.4) (thickness 0.06)))
    )
    (pad 1 smd roundrect (at -0.875 0 180) (size 1.05 0.95) (layers F.Cu F.Paste F.Mask) (roundrect_rratio 0.25)
      (net 2 GND))
    (pad 2 smd roundrect (at 0.875 0 180) (size 1.05 0.95) (layers F.Cu F.Paste F.Mask) (roundrect_rratio 0.25)
      (net 12 "Net-(C5-Pad2)"))
    (model ${KISYS3DMOD}/Capacitor_SMD.3dshapes/C_0603_1608Metric.wrl
      (at (xyz 0 0 0))
      (scale (xyz 1 1 1))
      (rotate (xyz 0 0 0))
    )
  )

  (module Capacitor_SMD:C_0603_1608Metric_Pad1.05x0.95mm_HandSolder (layer F.Cu) (tedit 5B301BBE) (tstamp 61AAF61B)
    (at 138.8 96.6 180)
    (descr "Capacitor SMD 0603 (1608 Metric), square (rectangular) end terminal, IPC_7351 nominal with elongated pad for handsoldering. (Body size source: http://www.tortai-tech.com/upload/download/2011102023233369053.pdf), generated with kicad-footprint-generator")
    (tags "capacitor handsolder")
    (path /61A6276A)
    (attr smd)
    (fp_text reference C6 (at 0 -1.43) (layer F.SilkS) hide
      (effects (font (size 1 1) (thickness 0.15)))
    )
    (fp_text value 100nF (at 0 1.43) (layer F.Fab)
      (effects (font (size 1 1) (thickness 0.15)))
    )
    (fp_line (start 1.65 0.73) (end -1.65 0.73) (layer F.CrtYd) (width 0.05))
    (fp_line (start 1.65 -0.73) (end 1.65 0.73) (layer F.CrtYd) (width 0.05))
    (fp_line (start -1.65 -0.73) (end 1.65 -0.73) (layer F.CrtYd) (width 0.05))
    (fp_line (start -1.65 0.73) (end -1.65 -0.73) (layer F.CrtYd) (width 0.05))
    (fp_line (start -0.171267 0.51) (end 0.171267 0.51) (layer F.SilkS) (width 0.12))
    (fp_line (start -0.171267 -0.51) (end 0.171267 -0.51) (layer F.SilkS) (width 0.12))
    (fp_line (start 0.8 0.4) (end -0.8 0.4) (layer F.Fab) (width 0.1))
    (fp_line (start 0.8 -0.4) (end 0.8 0.4) (layer F.Fab) (width 0.1))
    (fp_line (start -0.8 -0.4) (end 0.8 -0.4) (layer F.Fab) (width 0.1))
    (fp_line (start -0.8 0.4) (end -0.8 -0.4) (layer F.Fab) (width 0.1))
    (fp_text user %R (at 0 0) (layer F.Fab)
      (effects (font (size 0.4 0.4) (thickness 0.06)))
    )
    (pad 2 smd roundrect (at 0.875 0 180) (size 1.05 0.95) (layers F.Cu F.Paste F.Mask) (roundrect_rratio 0.25)
      (net 13 "Net-(C6-Pad2)"))
    (pad 1 smd roundrect (at -0.875 0 180) (size 1.05 0.95) (layers F.Cu F.Paste F.Mask) (roundrect_rratio 0.25)
      (net 2 GND))
    (model ${KISYS3DMOD}/Capacitor_SMD.3dshapes/C_0603_1608Metric.wrl
      (at (xyz 0 0 0))
      (scale (xyz 1 1 1))
      (rotate (xyz 0 0 0))
    )
  )

  (module Capacitor_SMD:C_0603_1608Metric_Pad1.05x0.95mm_HandSolder (layer F.Cu) (tedit 5B301BBE) (tstamp 61A1052F)
    (at 103.7 127.5 270)
    (descr "Capacitor SMD 0603 (1608 Metric), square (rectangular) end terminal, IPC_7351 nominal with elongated pad for handsoldering. (Body size source: http://www.tortai-tech.com/upload/download/2011102023233369053.pdf), generated with kicad-footprint-generator")
    (tags "capacitor handsolder")
    (path /61AE6A4D)
    (attr smd)
    (fp_text reference C7 (at 0 -1.43 90) (layer F.SilkS) hide
      (effects (font (size 1 1) (thickness 0.15)))
    )
    (fp_text value 100nF (at 0 1.43 90) (layer F.Fab)
      (effects (font (size 1 1) (thickness 0.15)))
    )
    (fp_line (start 1.65 0.73) (end -1.65 0.73) (layer F.CrtYd) (width 0.05))
    (fp_line (start 1.65 -0.73) (end 1.65 0.73) (layer F.CrtYd) (width 0.05))
    (fp_line (start -1.65 -0.73) (end 1.65 -0.73) (layer F.CrtYd) (width 0.05))
    (fp_line (start -1.65 0.73) (end -1.65 -0.73) (layer F.CrtYd) (width 0.05))
    (fp_line (start -0.171267 0.51) (end 0.171267 0.51) (layer F.SilkS) (width 0.12))
    (fp_line (start -0.171267 -0.51) (end 0.171267 -0.51) (layer F.SilkS) (width 0.12))
    (fp_line (start 0.8 0.4) (end -0.8 0.4) (layer F.Fab) (width 0.1))
    (fp_line (start 0.8 -0.4) (end 0.8 0.4) (layer F.Fab) (width 0.1))
    (fp_line (start -0.8 -0.4) (end 0.8 -0.4) (layer F.Fab) (width 0.1))
    (fp_line (start -0.8 0.4) (end -0.8 -0.4) (layer F.Fab) (width 0.1))
    (fp_text user %R (at 0 0 90) (layer F.Fab)
      (effects (font (size 0.4 0.4) (thickness 0.06)))
    )
    (pad 2 smd roundrect (at 0.875 0 270) (size 1.05 0.95) (layers F.Cu F.Paste F.Mask) (roundrect_rratio 0.25)
      (net 3 +5V))
    (pad 1 smd roundrect (at -0.875 0 270) (size 1.05 0.95) (layers F.Cu F.Paste F.Mask) (roundrect_rratio 0.25)
      (net 2 GND))
    (model ${KISYS3DMOD}/Capacitor_SMD.3dshapes/C_0603_1608Metric.wrl
      (at (xyz 0 0 0))
      (scale (xyz 1 1 1))
      (rotate (xyz 0 0 0))
    )
  )

  (module Capacitor_SMD:C_0603_1608Metric_Pad1.05x0.95mm_HandSolder (layer F.Cu) (tedit 5B301BBE) (tstamp 61A10540)
    (at 103.7 121.5 270)
    (descr "Capacitor SMD 0603 (1608 Metric), square (rectangular) end terminal, IPC_7351 nominal with elongated pad for handsoldering. (Body size source: http://www.tortai-tech.com/upload/download/2011102023233369053.pdf), generated with kicad-footprint-generator")
    (tags "capacitor handsolder")
    (path /61AE7042)
    (attr smd)
    (fp_text reference C8 (at 0 -1.43 90) (layer F.SilkS) hide
      (effects (font (size 1 1) (thickness 0.15)))
    )
    (fp_text value 100nF (at 0 1.43 90) (layer F.Fab)
      (effects (font (size 1 1) (thickness 0.15)))
    )
